0.010000 0.058480 0.137469 0.237982 0.353821 0.481129 0.617315 0.760568 0.909575 1.063351 1.221143 1.382362 1.546536 1.713282 1.882288 2.053291 2.226073 2.400447 2.576254 2.753356 2.931635 3.110986 3.291318 3.472549 3.654609 3.837433 4.020964 4.205150 4.389946 4.575310 4.761202 4.947590 5.134441 5.321726 5.509419 5.697496 5.885934 6.074712 6.263812 6.453216 6.642906 6.832869 7.023089 7.213554 7.404250 7.595167 7.786294 7.977620 8.169136 8.360833 8.552703 8.744737 8.936928 9.129269 9.321753 9.514375 9.707127 9.900005 10.093003 10.286116 10.479339 10.672667 10.866097 11.059624 11.253244 11.446953 11.640747 11.834625 12.028581 12.222613 12.416718 12.610893 12.805136 12.999443 13.193813 13.388242 13.582729 13.777272 13.971868 14.166515 14.361211 14.555955 14.750744 14.945578 15.140454 15.335370 15.530326 15.725319 15.920349 16.115414 16.310512 16.505642 16.700804 16.895995 17.091216 17.286463 17.481738 17.677038 17.872363 18.067711 
0.058480 0.020000 0.084343 0.176507 0.286945 0.410574 0.544129 0.685429 0.832944 0.985558 1.142427 1.302902 1.466471 1.632720 1.801314 1.971974 2.144469 2.318602 2.494207 2.671138 2.849274 3.028504 3.208734 3.389880 3.571870 3.754635 3.938119 4.122268 4.307034 4.492375 4.678252 4.864629 5.051475 5.238759 5.426455 5.614538 5.802985 5.991776 6.180890 6.370310 6.560019 6.750002 6.940244 7.130732 7.321453 7.512396 7.703549 7.894903 8.086447 8.278173 8.470072 8.662136 8.854357 9.046729 9.239245 9.431898 9.624682 9.817592 10.010622 10.203767 10.397023 10.590384 10.783846 10.977405 11.171058 11.364800 11.558627 11.752537 11.946526 12.140591 12.334728 12.528936 12.723211 12.917550 13.111952 13.306414 13.500933 13.695507 13.890135 14.084813 14.279541 14.474316 14.669137 14.864001 15.058908 15.253855 15.448842 15.643865 15.838925 16.034020 16.229148 16.424308 16.619499 16.814720 17.009970 17.205247 17.400550 17.595879 17.791233 17.986609 
0.137469 0.084343 0.030000 0.106266 0.208723 0.326990 0.456864 0.595519 0.741062 0.892165 1.047852 1.207387 1.370197 1.535829 1.703915 1.874156 2.046302 2.220144 2.395505 2.572233 2.750197 2.929284 3.109396 3.290444 3.472352 3.655052 3.838482 4.022589 4.207324 4.392642 4.578503 4.764871 4.951713 5.138999 5.326701 5.514795 5.703256 5.892064 6.081199 6.270641 6.460375 6.650385 6.840656 7.031174 7.221927 7.412902 7.604089 7.795478 7.987058 8.178820 8.370757 8.562858 8.755118 8.947529 9.140084 9.332776 9.525600 9.718550 9.911620 10.104805 10.298101 10.491502 10.685005 10.878605 11.072298 11.266080 11.459948 11.653898 11.847927 12.042032 12.236210 12.430458 12.624772 12.819152 13.013593 13.208094 13.402652 13.597266 13.791932 13.986649 14.181416 14.376229 14.571088 14.765991 14.960935 15.155920 15.350944 15.546005 15.741101 15.936233 16.131398 16.326594 16.521821 16.717078 16.912363 17.107676 17.303015 17.498379 17.693767 17.889178 
0.237982 0.176507 0.106266 0.040000 0.125992 0.237098 0.362003 0.497222 0.640292 0.789547 0.943818 1.102244 1.264172 1.429094 1.596602 1.766369 1.938125 2.111644 2.286736 2.463241 2.641021 2.819955 2.999939 3.180883 3.362707 3.545338 3.728715 3.912781 4.097485 4.282782 4.468630 4.654993 4.841836 5.029128 5.216842 5.404951 5.593432 5.782262 5.971422 6.160893 6.350658 6.540701 6.731006 6.921560 7.112351 7.303365 7.494592 7.686022 7.877644 8.069449 8.261428 8.453574 8.645878 8.838333 9.030933 9.223671 9.416540 9.609536 9.802652 9.995883 10.189225 10.382673 10.576221 10.769867 10.963606 11.157435 11.351348 11.545344 11.739419 11.933569 12.127792 12.322085 12.516445 12.710869 12.905355 13.099901 13.294503 13.489160 13.683871 13.878632 14.073441 14.268298 14.463200 14.658145 14.853132 15.048159 15.243225 15.438327 15.633466 15.828638 16.023844 16.219081 16.414349 16.609646 16.804971 17.000324 17.195702 17.391105 17.586532 17.781983 
0.353821 0.286945 0.208723 0.125992 0.050000 0.144225 0.262862 0.393596 0.533537 0.680538 0.833127 0.990264 1.151185 1.315306 1.482172 1.651418 1.822748 1.995918 2.170724 2.346993 2.524578 2.703353 2.883207 3.064045 3.245784 3.428349 3.611675 3.795703 3.980380 4.165660 4.351500 4.537862 4.724711 4.912015 5.099746 5.287876 5.476382 5.665241 5.854433 6.043938 6.233739 6.423821 6.614166 6.804763 6.995597 7.186656 7.377929 7.569405 7.761074 7.952928 8.144956 8.337151 8.529505 8.722010 8.914660 9.107448 9.300369 9.493415 9.686582 9.879865 10.073257 10.266756 10.460356 10.654052 10.847842 11.041721 11.235685 11.429732 11.623856 11.818057 12.012330 12.206672 12.401081 12.595554 12.790089 12.984683 13.179334 13.374040 13.568798 13.763606 13.958463 14.153367 14.348316 14.543307 14.738340 14.933413 15.128525 15.323673 15.518856 15.714074 15.909324 16.104605 16.299917 16.495258 16.690627 16.886022 17.081443 17.276889 17.472358 17.667851 
0.481129 0.410574 0.326990 0.237098 0.144225 0.060000 0.161343 0.286686 0.422643 0.566839 0.717406 0.873037 1.032805 1.196028 1.362183 1.530861 1.701734 1.874533 2.049037 2.225059 2.402444 2.581056 2.760780 2.941514 3.123171 3.305673 3.488952 3.672946 3.857602 4.042871 4.228709 4.415076 4.601937 4.789260 4.977013 5.165171 5.353709 5.542603 5.731832 5.921378 6.111222 6.301348 6.491741 6.682385 6.873268 7.064378 7.255703 7.447231 7.638954 7.830860 8.022943 8.215192 8.407601 8.600162 8.792867 8.985711 9.178687 9.371789 9.565012 9.758350 9.951799 10.145353 10.339008 10.532760 10.726605 10.920539 11.114558 11.308658 11.502838 11.697092 11.891419 12.085814 12.280277 12.474803 12.669390 12.864037 13.058740 13.253497 13.448307 13.643166 13.838074 14.033028 14.228027 14.423069 14.618151 14.813273 15.008434 15.203630 15.398862 15.594127 15.789425 15.984754 16.180113 16.375500 16.570915 16.766357 16.961824 17.157315 17.352829 17.548367 
0.617315 0.544129 0.456864 0.362003 0.262862 0.161343 0.070000 0.177581 0.308984 0.449695 0.597775 0.751615 0.910053 1.072262 1.237630 1.405689 1.576070 1.748475 1.922663 2.098432 2.275613 2.454063 2.633657 2.814290 2.995869 3.178314 3.361551 3.545519 3.730160 3.915425 4.101268 4.287648 4.474529 4.661876 4.849660 5.037853 5.226429 5.415365 5.604639 5.794232 5.984126 6.174303 6.364748 6.555447 6.746386 6.937552 7.128934 7.320521 7.512302 7.704268 7.896410 8.088720 8.281189 8.473810 8.666576 8.859480 9.052517 9.245679 9.438962 9.632361 9.825869 10.019483 10.213198 10.407010 10.600914 10.794907 10.988985 11.183144 11.377381 11.571693 11.766078 11.960531 12.155050 12.349633 12.544276 12.738978 12.933737 13.128549 13.323414 13.518328 13.713290 13.908298 14.103350 14.298444 14.493579 14.688754 14.883966 15.079214 15.274497 15.469813 15.665161 15.860540 16.055949 16.251386 16.446850 16.642340 16.837855 17.033394 17.228957 17.424541 
0.760568 0.685429 0.595519 0.497222 0.393596 0.286686 0.177581 0.080000 0.193098 0.330041 0.475121 0.626786 0.783657 0.944707 1.109197 1.276578 1.446430 1.618420 1.792279 1.967787 2.144762 2.323050 2.502519 2.683056 2.864564 3.046958 3.230162 3.414111 3.598747 3.784016 3.969872 4.156273 4.343182 4.530563 4.718385 4.906620 5.095242 5.284227 5.473554 5.663201 5.853151 6.043387 6.233892 6.424651 6.615652 6.806881 6.998327 7.189977 7.381823 7.573854 7.766062 7.958436 8.150971 8.343658 8.536489 8.729459 8.922561 9.115789 9.309137 9.502600 9.696173 9.889852 10.083631 10.277506 10.471474 10.665530 10.859670 11.053892 11.248191 11.442565 11.637010 11.831524 12.026104 12.220746 12.415450 12.610211 12.805029 12.999899 13.194822 13.389793 13.584812 13.779877 13.974986 14.170136 14.365327 14.560556 14.755823 14.951125 15.146462 15.341832 15.537233 15.732665 15.928126 16.123615 16.319130 16.514672 16.710238 16.905827 17.101440 17.297074 
0.909575 0.832944 0.741062 0.640292 0.533537 0.422643 0.308984 0.193098 0.090000 0.208008 0.350059 0.499190 0.654187 0.813887 0.977383 1.144017 1.313298 1.484846 1.658363 1.833606 2.010376 2.188505 2.367854 2.548303 2.729748 2.912100 3.095280 3.279221 3.463859 3.649142 3.835022 4.021453 4.208399 4.395822 4.583692 4.771978 4.960655 5.149698 5.339085 5.528794 5.718808 5.909109 6.099681 6.290509 6.481578 6.672876 6.864392 7.056113 7.248029 7.440131 7.632410 7.824855 8.017461 8.210218 8.403121 8.596161 8.789333 8.982631 9.176049 9.369582 9.563224 9.756972 9.950819 10.144762 10.338797 10.532920 10.727128 10.921415 11.115780 11.310220 11.504730 11.699308 11.893952 12.088658 12.283424 12.478248 12.673128 12.868060 13.063043 13.258076 13.453155 13.648279 13.843447 14.038656 14.233905 14.429193 14.624517 14.819877 15.015270 15.210696 15.406153 15.601640 15.797155 15.992699 16.188268 16.383863 16.579482 16.775125 16.970790 17.166476 
1.063351 0.985558 0.892165 0.789547 0.680538 0.566839 0.449695 0.330041 0.208008 0.100000 0.222398 0.369190 0.522102 0.680216 0.842570 1.008370 1.177029 1.348110 1.521271 1.696244 1.872809 2.050785 2.230022 2.410392 2.591785 2.774106 2.957274 3.141217 3.325870 3.511179 3.697092 3.883565 4.070558 4.258034 4.445961 4.634308 4.823049 5.012159 5.201614 5.391395 5.581481 5.771855 5.962502 6.153404 6.344550 6.535924 6.727517 6.919315 7.111308 7.303487 7.495842 7.688365 7.881047 8.073881 8.266859 8.459976 8.653223 8.846596 9.040089 9.233696 9.427412 9.621232 9.815152 10.009168 10.203275 10.397469 10.591747 10.786105 10.980539 11.175048 11.369626 11.564273 11.758984 11.953757 12.148590 12.343479 12.538424 12.733421 12.928469 13.123565 13.318707 13.513894 13.709124 13.904395 14.099705 14.295053 14.490438 14.685857 14.881309 15.076794 15.272309 15.467854 15.663427 15.859027 16.054653 16.250304 16.445978 16.641676 16.837395 17.033135 
1.221143 1.142427 1.047852 0.943818 0.833127 0.717406 0.597775 0.475121 0.350059 0.222398 0.110000 0.236333 0.387551 0.544010 0.705056 0.869914 1.037892 1.208473 1.381265 1.555964 1.732329 1.910160 2.089296 2.269598 2.450952 2.633256 2.816425 3.000384 3.185065 3.370412 3.556372 3.742898 3.929950 4.117491 4.305486 4.493904 4.682720 4.871906 5.061439 5.251300 5.441467 5.631924 5.822652 6.013638 6.204867 6.396326 6.588002 6.779884 6.971961 7.164223 7.356662 7.549268 7.742032 7.934948 8.128009 8.321206 8.514534 8.707987 8.901560 9.095245 9.289040 9.482938 9.676935 9.871028 10.065210 10.259480 10.453833 10.648265 10.842773 11.037354 11.232005 11.426723 11.621505 11.816348 12.011251 12.206210 12.401223 12.596288 12.791403 12.986566 13.181774 13.377027 13.572322 13.767657 13.963031 14.158443 14.353890 14.549371 14.744885 14.940431 15.136007 15.331612 15.527245 15.722904 15.918588 16.114297 16.310030 16.505785 16.701561 16.897357 
1.382362 1.302902 1.207387 1.102244 0.990264 0.873037 0.751615 0.626786 0.499190 0.369190 0.236333 0.120000 0.249867 0.405236 0.565040 0.728854 0.896082 1.066128 1.238537 1.412962 1.589133 1.766831 1.945879 2.126130 2.307460 2.489764 2.672950 2.856940 3.041665 3.227065 3.413085 3.599679 3.786804 3.974421 4.162497 4.350999 4.539899 4.729173 4.918795 5.108745 5.299003 5.489551 5.680372 5.871449 6.062770 6.254320 6.446088 6.638061 6.830229 7.022581 7.215110 7.407805 7.600658 7.793663 7.986810 8.180095 8.373509 8.567048 8.760705 8.954475 9.148352 9.342333 9.536412 9.730585 9.924849 10.119198 10.313629 10.508140 10.702725 10.897383 11.092110 11.286903 11.481760 11.676677 11.871653 12.066684 12.261769 12.456905 12.652091 12.847323 13.042601 13.237922 13.433285 13.628688 13.824128 14.019606 14.215118 14.410665 14.606243 14.801853 14.997492 15.193159 15.388854 15.584575 15.780320 15.976090 16.171882 16.367696 16.563531 16.759386 
1.546536 1.466471 1.370197 1.264172 1.151185 1.032805 0.910053 0.783657 0.654187 0.522102 0.387551 0.249867 0.130000 0.263041 0.422319 0.585288 0.751729 0.921208 1.093223 1.267377 1.443365 1.620945 1.799924 1.980144 2.161470 2.343793 2.527016 2.711056 2.895843 3.081313 3.267411 3.454088 3.641300 3.829009 4.017178 4.205777 4.394775 4.584148 4.773871 4.963921 5.154280 5.344929 5.535851 5.727029 5.918451 6.110101 6.301968 6.494040 6.686306 6.878757 7.071382 7.264173 7.457122 7.650221 7.843462 8.036839 8.230346 8.423975 8.617722 8.811581 9.005547 9.199616 9.393781 9.588040 9.782388 9.976822 10.171336 10.365929 10.560596 10.755334 10.950141 11.145013 11.339948 11.534943 11.729995 11.925102 12.120262 12.315473 12.510732 12.706038 12.901388 13.096780 13.292214 13.487687 13.683197 13.878743 14.074324 14.269938 14.465583 14.661259 14.856964 15.052696 15.248455 15.444240 15.640049 15.835881 16.031736 16.227612 16.423508 16.619423 
1.713282 1.632720 1.535829 1.429094 1.315306 1.196028 1.072262 0.944707 0.813887 0.680216 0.544010 0.405236 0.263041 0.140000 0.275892 0.438864 0.604838 0.773776 0.945401 1.119296 1.295121 1.472607 1.651542 1.831754 2.013103 2.195469 2.378751 2.562864 2.747734 2.933294 3.119489 3.306267 3.493584 3.681400 3.869679 4.058388 4.247499 4.436983 4.626819 4.816982 5.007453 5.198214 5.389247 5.580536 5.772068 5.963827 6.155803 6.347982 6.540355 6.732911 6.925640 7.118535 7.311586 7.504785 7.698127 7.891603 8.085207 8.278933 8.472776 8.666730 8.860790 9.054950 9.249208 9.443557 9.637995 9.832516 10.027119 10.221798 10.416550 10.611374 10.806264 11.001219 11.196236 11.391312 11.586444 11.781631 11.976869 12.172158 12.367494 12.562875 12.758301 12.953768 13.149275 13.344821 13.540404 13.736022 13.931673 14.127357 14.323072 14.518817 14.714590 14.910390 15.106216 15.302067 15.497941 15.693838 15.889757 16.085697 16.281656 16.477634 
1.882288 1.801314 1.703915 1.596602 1.482172 1.362183 1.237630 1.109197 0.977383 0.842570 0.705056 0.565040 0.422319 0.275892 0.150000 0.288450 0.454921 0.623758 0.795078 0.968753 1.144448 1.321875 1.500800 1.681040 1.862442 2.044881 2.228252 2.412465 2.597442 2.783116 2.969430 3.156330 3.343771 3.531713 3.720118 3.908954 4.098192 4.287803 4.477765 4.668054 4.858650 5.049534 5.240690 5.432101 5.623752 5.815631 6.007724 6.200019 6.392507 6.585177 6.778018 6.971024 7.164184 7.357492 7.550940 7.744522 7.938230 8.132059 8.326004 8.520058 8.714217 8.908475 9.102829 9.297274 9.491806 9.686421 9.881115 10.075885 10.270728 10.465640 10.660618 10.855660 11.050763 11.245923 11.441140 11.636409 11.831730 12.027099 12.222516 12.417977 12.613480 12.809025 13.004610 13.200231 13.395889 13.591581 13.787307 13.983064 14.178851 14.374667 14.570510 14.766380 14.962276 15.158195 15.354137 15.550102 15.746088 15.942093 16.138118 16.334161 
2.053291 1.971974 1.874156 1.766369 1.651418 1.530861 1.405689 1.276578 1.144017 1.008370 0.869914 0.728854 0.585288 0.438864 0.288450 0.160000 0.300739 0.470535 0.642105 0.815703 0.991342 1.168764 1.347730 1.528042 1.709539 1.892090 2.075585 2.259929 2.445044 2.630860 2.817318 3.004364 3.191952 3.380040 3.568591 3.757573 3.946955 4.136709 4.326812 4.517241 4.707976 4.898997 5.090287 5.281831 5.473614 5.665622 5.857842 6.050264 6.242876 6.435667 6.628630 6.821754 7.015031 7.208455 7.402017 7.595711 7.789530 7.983468 8.177521 8.371681 8.565945 8.760307 8.954763 9.149308 9.343940 9.538653 9.733444 9.928310 10.123247 10.318252 10.513322 10.708455 10.903647 11.098897 11.294201 11.489557 11.684963 11.880417 12.075917 12.271460 12.467046 12.662672 12.858336 13.054037 13.249772 13.445542 13.641344 13.837176 14.033038 14.228928 14.424845 14.620788 14.816755 15.012745 15.208758 15.404792 15.600847 15.796921 15.993013 16.189123 
2.226073 2.144469 2.046302 1.938125 1.822748 1.701734 1.576070 1.446430 1.313298 1.177029 1.037892 0.896082 0.751729 0.604838 0.454921 0.300739 0.170000 0.312781 0.485743 0.659929 0.835711 1.013234 1.192317 1.372765 1.554413 1.737126 1.920788 2.105305 2.290594 2.476585 2.663217 2.850437 3.038197 3.226455 3.415175 3.604322 3.793868 3.983783 4.174045 4.364630 4.555517 4.746689 4.938128 5.129817 5.321743 5.513892 5.706251 5.898809 6.091554 6.284478 6.477570 6.670821 6.864224 7.057771 7.251455 7.445268 7.639205 7.833260 8.027426 8.221699 8.416073 8.610545 8.805108 8.999760 9.194496 9.389312 9.584205 9.779171 9.974207 10.169310 10.364477 10.559705 10.754991 10.950333 11.145729 11.341175 11.536671 11.732213 11.927800 12.123429 12.319100 12.514810 12.710557 12.906340 13.102157 13.298006 13.493888 13.689798 13.885738 14.081705 14.277697 14.473715 14.669756 14.865820 15.061906 15.258012 15.454138 15.650282 15.846445 16.042624 
2.400447 2.318602 2.220144 2.111644 1.995918 1.874533 1.748475 1.618420 1.484846 1.348110 1.208473 1.066128 0.921208 0.773776 0.623758 0.470535 0.312781 0.180000 0.324595 0.500579 0.677273 0.855152 1.034487 1.215168 1.397046 1.579986 1.763873 1.948612 2.134120 2.320326 2.507169 2.694595 2.882558 3.071014 3.259928 3.449265 3.638995 3.829092 4.019531 4.210289 4.401347 4.592685 4.784286 4.976135 5.168217 5.360519 5.553028 5.745733 5.938623 6.131689 6.324920 6.518308 6.711845 6.905524 7.099337 7.293278 7.487340 7.681517 7.875804 8.070197 8.264688 8.459275 8.653952 8.848716 9.043562 9.238486 9.433486 9.628558 9.823697 10.018903 10.214170 10.409498 10.604882 10.800321 10.995812 11.191353 11.386941 11.582576 11.778253 11.973972 12.169731 12.365528 12.561362 12.757230 12.953131 13.149064 13.345027 13.541020 13.737039 13.933086 14.129157 14.325252 14.521371 14.717511 14.913671 15.109852 15.306051 15.502269 15.698503 15.894753 
2.576254 2.494207 2.395505 2.286736 2.170724 2.049037 1.922663 1.792279 1.658363 1.521271 1.381265 1.238537 1.093223 0.945401 0.795078 0.642105 0.485743 0.324595 0.190000 0.336198 0.515069 0.694174 0.874070 1.055151 1.237374 1.420633 1.604821 1.789847 1.975629 2.162100 2.349197 2.536870 2.725070 2.913756 3.102892 3.292446 3.482386 3.672687 3.863324 4.054276 4.245521 4.437043 4.628823 4.820847 5.013100 5.205568 5.398240 5.591104 5.784150 5.977368 6.170749 6.364283 6.557964 6.751783 6.945735 7.139811 7.334006 7.528314 7.722729 7.917247 8.111863 8.306571 8.501368 8.696250 8.891212 9.086250 9.281362 9.476544 9.671793 9.867105 10.062479 10.257910 10.453397 10.648937 10.844528 11.040167 11.235852 11.431582 11.627354 11.823167 12.019017 12.214905 12.410828 12.606785 12.802773 12.998793 13.194841 13.390918 13.587021 13.783149 13.979302 14.175478 14.371676 14.567894 14.764133 14.960390 15.156665 15.352958 15.549266 15.745590 
2.753356 2.671138 2.572233 2.463241 2.346993 2.225059 2.098432 1.967787 1.833606 1.696244 1.555964 1.412962 1.267377 1.119296 0.968753 0.815703 0.659929 0.500579 0.336198 0.200000 0.347603 0.529240 0.710664 0.892505 1.075269 1.258982 1.443576 1.628974 1.815103 2.001899 2.189305 2.377270 2.565750 2.754704 2.944097 3.133898 3.324076 3.514607 3.705467 3.896634 4.088088 4.279812 4.471789 4.664004 4.856443 5.049093 5.241941 5.434978 5.628192 5.821574 6.015115 6.208807 6.402641 6.596611 6.790709 6.984929 7.179266 7.373712 7.568264 7.762915 7.957662 8.152499 8.347422 8.542427 8.737511 8.932669 9.127899 9.323197 9.518560 9.713984 9.909468 10.105008 10.300603 10.496248 10.691943 10.887685 11.083471 11.279301 11.475171 11.671080 11.867027 12.063009 12.259025 12.455073 12.651152 12.847261 13.043398 13.239562 13.435751 13.631965 13.828202 14.024460 14.220740 14.417040 14.613359 14.809696 15.006049 15.202419 15.398805 15.595205 
2.931635 2.849274 2.750197 2.641021 2.524578 2.402444 2.275613 2.144762 2.010376 1.872809 1.732329 1.589133 1.443365 1.295121 1.144448 0.991342 0.835711 0.677273 0.515069 0.347603 0.210000 0.358823 0.543112 0.726772 0.910489 1.094881 1.280035 1.465922 1.652493 1.839693 2.027474 2.215790 2.404600 2.593867 2.783557 2.973640 3.164090 3.354881 3.545990 3.737397 3.929083 4.121030 4.313224 4.505648 4.698290 4.891138 5.084178 5.277401 5.470797 5.664356 5.858070 6.051929 6.245928 6.440058 6.634313 6.828687 7.023174 7.217767 7.412463 7.607255 7.802140 7.997112 8.192169 8.387305 8.582517 8.777801 8.973155 9.168574 9.364056 9.559598 9.755198 9.950852 10.146558 10.342314 10.538117 10.733966 10.929857 11.125790 11.321763 11.517773 11.713819 11.909899 12.106011 12.302155 12.498328 12.694530 12.890758 13.087012 13.283291 13.479593 13.675916 13.872261 14.068626 14.265010 14.461411 14.657830 14.854265 15.050715 15.247179 15.443657 
3.110986 3.028504 2.929284 2.819955 2.703353 2.581056 2.454063 2.323050 2.188505 2.050785 1.910160 1.766831 1.620945 1.472607 1.321875 1.168764 1.013234 0.855152 0.694174 0.529240 0.358823 0.220000 0.369871 0.556706 0.742524 0.928055 1.114021 1.300570 1.487711 1.675420 1.863661 2.052400 2.241602 2.431236 2.621270 2.811679 3.002437 3.193522 3.384911 3.576587 3.768530 3.960725 4.153157 4.345812 4.538676 4.731739 4.924988 5.118413 5.312005 5.505754 5.699653 5.893694 6.087868 6.282170 6.476592 6.671130 6.865776 7.060525 7.255373 7.450315 7.645346 7.840462 8.035658 8.230932 8.426279 8.621695 8.817179 9.012726 9.208333 9.403999 9.599719 9.795492 9.991315 10.187186 10.383102 10.579062 10.775063 10.971104 11.167183 11.363298 11.559447 11.755629 11.951841 12.148084 12.344355 12.540652 12.736976 12.933323 13.129694 13.326087 13.522501 13.718935 13.915387 14.111857 14.308345 14.504848 14.701366 14.897899 15.094445 15.291003 
3.291318 3.208734 3.109396 2.999939 2.883207 2.760780 2.633657 2.502519 2.367854 2.230022 2.089296 1.945879 1.799924 1.651542 1.500800 1.347730 1.192317 1.034487 0.874070 0.710664 0.543112 0.369871 0.230000 0.380756 0.570039 0.757943 0.945229 1.132719 1.320621 1.508979 1.697794 1.887048 2.076719 2.266785 2.457221 2.648006 2.839117 3.030535 3.222241 3.414217 3.606447 3.798917 3.991612 4.184520 4.377627 4.570924 4.764400 4.958044 5.151848 5.345803 5.539902 5.734136 5.928499 6.122984 6.317585 6.512296 6.707112 6.902027 7.097037 7.292137 7.487322 7.682589 7.877934 8.073352 8.268841 8.464397 8.660016 8.855697 9.051436 9.247230 9.443077 9.638974 9.834919 10.030910 10.226944 10.423020 10.619136 10.815289 11.011479 11.207702 11.403958 11.600246 11.796563 11.992908 12.189280 12.385677 12.582099 12.778543 12.975009 13.171497 13.368003 13.564529 13.761072 13.957632 14.154207 14.350798 14.547402 14.744020 14.940650 15.137292 
3.472549 3.389880 3.290444 3.180883 3.064045 2.941514 2.814290 2.683056 2.548303 2.410392 2.269598 2.126130 1.980144 1.831754 1.681040 1.528042 1.372765 1.215168 1.055151 0.892505 0.726772 0.556706 0.380756 0.240000 0.391487 0.583126 0.773048 0.962035 1.151003 1.340218 1.529759 1.719649 1.909888 2.100469 2.291377 2.482597 2.674114 2.865912 3.057976 3.250290 3.442841 3.635615 3.828601 4.021787 4.215162 4.408715 4.602437 4.796319 4.990353 5.184530 5.378843 5.573286 5.767851 5.962532 6.157323 6.352220 6.547216 6.742307 6.937489 7.132756 7.328105 7.523531 7.719032 7.914603 8.110241 8.305943 8.501706 8.697527 8.893404 9.089333 9.285312 9.481339 9.677412 9.873528 10.069685 10.265882 10.462117 10.658387 10.854691 11.051028 11.247396 11.443793 11.640218 11.836669 12.033146 12.229646 12.426170 12.622714 12.819280 13.015864 13.212467 13.409087 13.605724 13.802376 13.999043 14.195723 14.392417 14.589122 14.785839 14.982566 
3.654609 3.571870 3.472352 3.362707 3.245784 3.123171 2.995869 2.864564 2.729748 2.591785 2.450952 2.307460 2.161470 2.013103 1.862442 1.709539 1.554413 1.397046 1.237374 1.075269 0.910489 0.742524 0.570039 0.391487 0.250000 0.402073 0.595982 0.787859 0.978495 1.168899 1.359389 1.550080 1.741017 1.932216 2.123683 2.315413 2.507399 2.699632 2.892102 3.084797 3.277707 3.470822 3.664131 3.857624 4.051291 4.245125 4.439116 4.633257 4.827539 5.021956 5.216501 5.411167 5.605949 5.800840 5.995835 6.190929 6.386118 6.581396 6.776759 6.972204 7.167725 7.363321 7.558986 7.754718 7.950513 8.146369 8.342282 8.538251 8.734271 8.930342 9.126459 9.322622 9.518828 9.715075 9.911361 10.107684 10.304043 10.500435 10.696859 10.893313 11.089797 11.286307 11.482844 11.679406 11.875991 12.072599 12.269227 12.465876 12.662543 12.859229 13.055931 13.252650 13.449383 13.646130 13.842891 14.039664 14.236449 14.433245 14.630051 14.826867 
3.837433 3.754635 3.655052 3.545338 3.428349 3.305673 3.178314 3.046958 2.912100 2.774106 2.633256 2.489764 2.343793 2.195469 2.044881 1.892090 1.737126 1.579986 1.420633 1.258982 1.094881 0.928055 0.757943 0.583126 0.402073 0.260000 0.412521 0.608620 0.802392 0.994630 1.186427 1.378159 1.569969 1.761925 1.954061 2.146392 2.338925 2.531660 2.724593 2.917720 3.111035 3.304529 3.498197 3.692029 3.886020 4.080161 4.274446 4.468868 4.663421 4.858097 5.052892 5.247799 5.442813 5.637929 5.833142 6.028447 6.223841 6.419317 6.614874 6.810506 7.006211 7.201985 7.397824 7.593725 7.789686 7.985704 8.181775 8.377898 8.574070 8.770288 8.966551 9.162856 9.359201 9.555585 9.752005 9.948459 10.144947 10.341465 10.538014 10.734591 10.931194 11.127823 11.324477 11.521153 11.717850 11.914569 12.111306 12.308063 12.504836 12.701626 12.898431 13.095250 13.292084 13.488929 13.685787 13.882656 14.079536 14.276425 14.473323 14.670229 
4.020964 3.938119 3.838482 3.728715 3.611675 3.488952 3.361551 3.230162 3.095280 2.957274 2.816425 2.672950 2.527016 2.378751 2.228252 2.075585 1.920788 1.763873 1.604821 1.443576 1.280035 1.114021 0.945229 0.773048 0.595982 0.412521 0.270000 0.422838 0.621050 0.816663 1.010456 1.203610 1.396548 1.589449 1.782399 1.975449 2.168625 2.361942 2.555409 2.749028 2.942799 3.136720 3.330787 3.524997 3.719344 3.913824 4.108431 4.303160 4.498006 4.692963 4.888028 5.083195 5.278459 5.473816 5.669262 5.864793 6.060405 6.256093 6.451855 6.647687 6.843585 7.039547 7.235570 7.431650 7.627786 7.823973 8.020211 8.216496 8.412827 8.609200 8.805615 9.002068 9.198559 9.395085 9.591645 9.788236 9.984858 10.181509 10.378187 10.574891 10.771619 10.968371 11.165145 11.361940 11.558754 11.755588 11.952438 12.149306 12.346188 12.543086 12.739997 12.936921 13.133858 13.330805 13.527763 13.724731 13.921708 14.118693 14.315686 14.512686 
4.205150 4.122268 4.022589 3.912781 3.795703 3.672946 3.545519 3.414111 3.279221 3.141217 3.000384 2.856940 2.711056 2.562864 2.412465 2.259929 2.105305 1.948612 1.789847 1.628974 1.465922 1.300570 1.132719 0.962035 0.787859 0.608620 0.422838 0.280000 0.433031 0.633285 0.830684 1.025991 1.220465 1.414579 1.608542 1.802463 1.996404 2.190405 2.384490 2.578673 2.772963 2.967366 3.161881 3.356511 3.551253 3.746106 3.941066 4.136131 4.331296 4.526559 4.721916 4.917363 5.112897 5.308513 5.504209 5.699981 5.895825 6.091739 6.287719 6.483763 6.679866 6.876028 7.072245 7.268514 7.464833 7.661200 7.857612 8.054068 8.250565 8.447101 8.643675 8.840284 9.036927 9.233602 9.430307 9.627042 9.823803 10.020592 10.217404 10.414241 10.611099 10.807978 11.004877 11.201795 11.398731 11.595683 11.792651 11.989633 12.186629 12.383638 12.580659 12.777692 12.974735 13.171787 13.368848 13.565918 13.762996 13.960080 14.157171 14.354267 
4.389946 4.307034 4.207324 4.097485 3.980380 3.857602 3.730160 3.598747 3.463859 3.325870 3.185065 3.041665 2.895843 2.747734 2.597442 2.445044 2.290594 2.134120 1.975629 1.815103 1.652493 1.487711 1.320621 1.151003 0.978495 0.802392 0.621050 0.433031 0.290000 0.443105 0.645333 0.844470 1.041250 1.237009 1.432270 1.627270 1.822138 2.016950 2.211758 2.406594 2.601478 2.796426 2.991447 3.186546 3.381727 3.576992 3.772342 3.967774 4.163289 4.358885 4.554559 4.750309 4.946133 5.142028 5.337991 5.534021 5.730114 5.926268 6.122481 6.318749 6.515071 6.711444 6.907865 7.104334 7.300847 7.497403 7.693999 7.890634 8.087305 8.284012 8.480752 8.677524 8.874326 9.071156 9.268014 9.464898 9.661806 9.858737 10.055690 10.252664 10.449657 10.646669 10.843698 11.040744 11.237805 11.434880 11.631969 11.829071 12.026184 12.223309 12.420443 12.617587 12.814740 13.011901 13.209069 13.406244 13.603425 13.800611 13.997802 14.194998 
4.575310 4.492375 4.392642 4.282782 4.165660 4.042871 3.915425 3.784016 3.649142 3.511179 3.370412 3.227065 3.081313 2.933294 2.783116 2.630860 2.476585 2.320326 2.162100 2.001899 1.839693 1.675420 1.508979 1.340218 1.168899 0.994630 0.816663 0.633285 0.443105 0.300000 0.453065 0.657203 0.858031 1.056246 1.253259 1.449638 1.645650 1.841442 2.037107 2.232704 2.428275 2.623846 2.819439 3.015066 3.210738 3.406461 3.602240 3.798077 3.993975 4.189933 4.385951 4.582030 4.778167 4.974362 5.170614 5.366920 5.563280 5.759690 5.956150 6.152657 6.349210 6.545807 6.742446 6.939125 7.135843 7.332598 7.529387 7.726211 7.923066 8.119951 8.316866 8.513808 8.710777 8.907770 9.104787 9.301826 9.498886 9.695966 9.893065 10.090182 10.287316 10.484465 10.681630 10.878808 11.075999 11.273202 11.470417 11.667642 11.864876 12.062120 12.259372 12.456631 12.653898 12.851170 13.048449 13.245732 13.443020 13.640312 13.837607 14.034904 
4.761202 4.678252 4.578503 4.468630 4.351500 4.228709 4.101268 3.969872 3.835022 3.697092 3.556372 3.413085 3.267411 3.119489 2.969430 2.817318 2.663217 2.507169 2.349197 2.189305 2.027474 1.863661 1.697794 1.529759 1.359389 1.186427 1.010456 0.830684 0.645333 0.453065 0.310000 0.462918 0.668904 0.871378 1.070993 1.269228 1.466699 1.663699 1.860396 2.056894 2.253264 2.449554 2.645798 2.842023 3.038246 3.234480 3.430735 3.627019 3.823336 4.019691 4.216085 4.412520 4.608997 4.805516 5.002078 5.198681 5.395325 5.592010 5.788734 5.985496 6.182295 6.379129 6.575998 6.772900 6.969834 7.166798 7.363792 7.560813 7.757861 7.954934 8.152032 8.349153 8.546295 8.743459 8.940642 9.137843 9.335062 9.532298 9.729549 9.926815 10.124094 10.321387 10.518691 10.716007 10.913333 11.110669 11.308013 11.505366 11.702727 11.900094 12.097467 12.294846 12.492230 12.689618 12.887010 13.084405 13.281803 13.479203 13.676605 13.874008 
4.947590 4.864629 4.764871 4.654993 4.537862 4.415076 4.287648 4.156273 4.021453 3.883565 3.742898 3.599679 3.454088 3.306267 3.156330 3.004364 2.850437 2.694595 2.536870 2.377270 2.215790 2.052400 1.887048 1.719649 1.550080 1.378159 1.203610 1.025991 0.844470 0.657203 0.462918 0.320000 0.472666 0.680443 0.884521 1.085501 1.284929 1.483467 1.681434 1.879015 2.076328 2.273454 2.470450 2.667355 2.864199 3.061007 3.257793 3.454571 3.651352 3.848141 4.044945 4.241768 4.438614 4.635483 4.832379 5.029302 5.226252 5.423230 5.620236 5.817269 6.014329 6.211416 6.408529 6.605667 6.802829 7.000015 7.197223 7.394453 7.591704 7.788975 7.986264 8.183572 8.380897 8.578238 8.775595 8.972966 9.170351 9.367748 9.565158 9.762579 9.960010 10.157451 10.354901 10.552360 10.749826 10.947299 11.144779 11.342264 11.539754 11.737249 11.934748 12.132250 12.329755 12.527262 12.724771 12.922282 13.119794 13.317306 13.514818 13.712330 
5.134441 5.051475 4.951713 4.841836 4.724711 4.601937 4.474529 4.343182 4.208399 4.070558 3.929950 3.786804 3.641300 3.493584 3.343771 3.191952 3.038197 2.882558 2.725070 2.565750 2.404600 2.241602 2.076719 1.909888 1.741017 1.569969 1.396548 1.220465 1.041250 0.858031 0.668904 0.472666 0.330000 0.482315 0.691828 0.897470 1.099782 1.300376 1.499955 1.698867 1.897314 2.095426 2.293293 2.490980 2.688533 2.885986 3.083367 3.280696 3.477989 3.675257 3.872511 4.069758 4.267004 4.464253 4.661510 4.858777 5.056056 5.253348 5.450656 5.647978 5.845317 6.042672 6.240044 6.437432 6.634836 6.832255 7.029690 7.227140 7.424604 7.622083 7.819574 8.017078 8.214594 8.412121 8.609659 8.807207 9.004765 9.202332 9.399906 9.597489 9.795078 9.992674 10.190275 10.387882 10.585494 10.783109 10.980728 11.178351 11.375976 11.573602 11.771231 11.968861 12.166491 12.364122 12.561752 12.759382 12.957011 13.154638 13.352264 13.549887 
5.321726 5.238759 5.138999 5.029128 4.912015 4.789260 4.661876 4.530563 4.395822 4.258034 4.117491 3.974421 3.829009 3.681400 3.531713 3.380040 3.226455 3.071014 2.913756 2.754704 2.593867 2.431236 2.266785 2.100469 1.932216 1.761925 1.589449 1.414579 1.237009 1.056246 0.871378 0.680443 0.482315 0.340000 0.491868 0.703065 0.910232 1.113845 1.315579 1.516177 1.716014 1.915308 2.114202 2.312796 2.511161 2.709349 2.907401 3.105345 3.303207 3.501005 3.698754 3.896465 4.094148 4.291811 4.489459 4.687097 4.884730 5.082360 5.279990 5.477623 5.675259 5.872899 6.070546 6.268199 6.465859 6.663526 6.861200 7.058882 7.256571 7.454267 7.651970 7.849680 8.047396 8.245118 8.442846 8.640580 8.838318 9.036061 9.233807 9.431558 9.629312 9.827068 10.024827 10.222588 10.420350 10.618114 10.815878 11.013642 11.211407 11.409170 11.606933 11.804695 12.002455 12.200212 12.397968 12.595721 12.793470 12.991217 13.188959 13.386698 
5.509419 5.426455 5.326701 5.216842 5.099746 4.977013 4.849660 4.718385 4.583692 4.445961 4.305486 4.162497 4.017178 3.869679 3.720118 3.568591 3.415175 3.259928 3.102892 2.944097 2.783557 2.621270 2.457221 2.291377 2.123683 1.954061 1.782399 1.608542 1.432270 1.253259 1.070993 0.884521 0.691828 0.491868 0.350000 0.501330 0.714159 0.922815 1.127701 1.330548 1.532144 1.732886 1.933010 2.132671 2.331978 2.531008 2.729820 2.928459 3.126957 3.325344 3.523639 3.721860 3.920021 4.118134 4.316207 4.514247 4.712262 4.910256 5.108233 5.306196 5.504150 5.702095 5.900034 6.097969 6.295900 6.493829 6.691756 6.889682 7.087608 7.285534 7.483459 7.681385 7.879312 8.077238 8.275165 8.473092 8.671019 8.868946 9.066872 9.264798 9.462723 9.660647 9.858569 10.056490 10.254409 10.452326 10.650241 10.848152 11.046061 11.243966 11.441868 11.639766 11.837660 12.035549 12.233434 12.431313 12.629188 12.827057 13.024920 13.222778 
5.697496 5.614538 5.514795 5.404951 5.287876 5.165171 5.037853 4.906620 4.771978 4.634308 4.493904 4.350999 4.205777 4.058388 3.908954 3.757573 3.604322 3.449265 3.292446 3.133898 2.973640 2.811679 2.648006 2.482597 2.315413 2.146392 1.975449 1.802463 1.627270 1.449638 1.269228 1.085501 0.897470 0.703065 0.501330 0.360000 0.510703 0.725118 0.935228 1.141357 1.345295 1.547867 1.749495 1.950433 2.150846 2.350852 2.550535 2.749960 2.949175 3.148218 3.347120 3.545905 3.744591 3.943196 4.141731 4.340209 4.538636 4.737022 4.935372 5.133691 5.331984 5.530255 5.728506 5.926740 6.124959 6.323165 6.521360 6.719545 6.917720 7.115888 7.314048 7.512201 7.710348 7.908488 8.106624 8.304753 8.502877 8.700996 8.899110 9.097218 9.295322 9.493420 9.691513 9.889600 10.087682 10.285758 10.483828 10.681892 10.879951 11.078003 11.276048 11.474087 11.672119 11.870145 12.068163 12.266173 12.464177 12.662172 12.860160 13.058140 
5.885934 5.802985 5.703256 5.593432 5.476382 5.353709 5.226429 5.095242 4.960655 4.823049 4.682720 4.539899 4.394775 4.247499 4.098192 3.946955 3.793868 3.638995 3.482386 3.324076 3.164090 3.002437 2.839117 2.674114 2.507399 2.338925 2.168625 1.996404 1.822138 1.645650 1.466699 1.284929 1.099782 0.910232 0.714159 0.510703 0.370000 0.519990 0.735945 0.947476 1.154823 1.359827 1.563355 1.765853 1.967588 2.168739 2.369430 2.569755 2.769782 2.969564 3.169143 3.368552 3.567818 3.766963 3.966004 4.164956 4.363832 4.562642 4.761394 4.960095 5.158752 5.357370 5.555954 5.754507 5.953032 6.151533 6.350011 6.548469 6.746909 6.945331 7.143738 7.342130 7.540508 7.738874 7.937227 8.135569 8.333899 8.532219 8.730528 8.928827 9.127117 9.325396 9.523666 9.721926 9.920177 10.118419 10.316651 10.514874 10.713087 10.911291 11.109485 11.307670 11.505846 11.704011 11.902167 12.100313 12.298450 12.496576 12.694692 12.892798 
6.074712 5.991776 5.892064 5.782262 5.665241 5.542603 5.415365 5.284227 5.149698 5.012159 4.871906 4.729173 4.584148 4.436983 4.287803 4.136709 3.983783 3.829092 3.672687 3.514607 3.354881 3.193522 3.030535 2.865912 2.699632 2.531660 2.361942 2.190405 2.016950 1.841442 1.663699 1.483467 1.300376 1.113845 0.922815 0.725118 0.519990 0.380000 0.529195 0.746646 0.959566 1.168104 1.374154 1.578619 1.781968 1.984485 2.186360 2.387726 2.588681 2.789299 2.989639 3.189744 3.389653 3.589393 3.788989 3.988460 4.187823 4.387092 4.586278 4.785392 4.984440 5.183431 5.382370 5.581263 5.780114 5.978928 6.177707 6.376454 6.575172 6.773864 6.972531 7.171174 7.369796 7.568398 7.766980 7.965544 8.164090 8.362620 8.561134 8.759632 8.958115 9.156583 9.355038 9.553478 9.751905 9.950318 10.148718 10.347105 10.545479 10.743841 10.942189 11.140525 11.338849 11.537160 11.735458 11.933744 12.132017 12.330278 12.528527 12.726763 
6.263812 6.180890 6.081199 5.971422 5.854433 5.731832 5.604639 5.473554 5.339085 5.201614 5.061439 4.918795 4.773871 4.626819 4.477765 4.326812 4.174045 4.019531 3.863324 3.705467 3.545990 3.384911 3.222241 3.057976 2.892102 2.724593 2.555409 2.384490 2.211758 2.037107 1.860396 1.681434 1.499955 1.315579 1.127701 0.935228 0.735945 0.529195 0.390000 0.538321 0.757226 0.971504 1.181209 1.388283 1.593666 1.797851 2.001136 2.203721 2.405749 2.607323 2.808523 3.009411 3.210035 3.410435 3.610642 3.810682 4.010578 4.210346 4.410003 4.609560 4.809030 5.008421 5.207741 5.406998 5.606196 5.805343 6.004441 6.203495 6.402508 6.601484 6.800426 6.999334 7.198212 7.397062 7.595884 7.794681 7.993454 8.192203 8.390930 8.589636 8.788322 8.986987 9.185634 9.384261 9.582871 9.781463 9.980037 10.178595 10.377136 10.575661 10.774169 10.972661 11.171138 11.369599 11.568045 11.766475 11.964890 12.163290 12.361675 12.560045 
6.453216 6.370310 6.270641 6.160893 6.043938 5.921378 5.794232 5.663201 5.528794 5.391395 5.251300 5.108745 4.963921 4.816982 4.668054 4.517241 4.364630 4.210289 4.054276 3.896634 3.737397 3.576587 3.414217 3.250290 3.084797 2.917720 2.749028 2.578673 2.406594 2.232704 2.056894 1.879015 1.698867 1.516177 1.330548 1.141357 0.947476 0.746646 0.538321 0.400000 0.547370 0.767688 0.983296 1.194144 1.402222 1.608506 1.813511 2.017549 2.220832 2.423510 2.625693 2.827465 3.028892 3.230027 3.430911 3.631577 3.832056 4.032369 4.232537 4.432576 4.632500 4.832322 5.032051 5.231697 5.431267 5.630768 5.830205 6.029585 6.228912 6.428188 6.627419 6.826607 7.025756 7.224866 7.423941 7.622982 7.821992 8.020971 8.219922 8.418845 8.617742 8.816613 9.015459 9.214282 9.413082 9.611860 9.810616 10.009350 10.208064 10.406758 10.605432 10.804086 11.002722 11.201338 11.399936 11.598516 11.797077 11.995621 12.194147 12.392655 
6.642906 6.560019 6.460375 6.350658 6.233739 6.111222 5.984126 5.853151 5.718808 5.581481 5.441467 5.299003 5.154280 5.007453 4.858650 4.707976 4.555517 4.401347 4.245521 4.088088 3.929083 3.768530 3.606447 3.442841 3.277707 3.111035 2.942799 2.772963 2.601478 2.428275 2.253264 2.076328 1.897314 1.716014 1.532144 1.345295 1.154823 0.959566 0.757226 0.547370 0.410000 0.556345 0.778038 0.994947 1.206916 1.415978 1.623146 1.828955 2.033734 2.237703 2.441019 2.643801 2.846136 3.048094 3.249731 3.451091 3.652211 3.853121 4.053847 4.254409 4.454825 4.655111 4.855280 5.055343 5.255310 5.455190 5.654990 5.854716 6.054374 6.253970 6.453507 6.652990 6.852423 7.051808 7.251149 7.450447 7.649705 7.848926 8.048110 8.247260 8.446377 8.645463 8.844518 9.043545 9.242543 9.441513 9.640458 9.839376 10.038270 10.237139 10.435985 10.634807 10.833607 11.032384 11.231140 11.429874 11.628586 11.827278 12.025950 12.224601 
6.832869 6.750002 6.650385 6.540701 6.423821 6.301348 6.174303 6.043387 5.909109 5.771855 5.631924 5.489551 5.344929 5.198214 5.049534 4.898997 4.746689 4.592685 4.437043 4.279812 4.121030 3.960725 3.798917 3.635615 3.470822 3.304529 3.136720 2.967366 2.796426 2.623846 2.449554 2.273454 2.095426 1.915308 1.732886 1.547867 1.359827 1.168104 0.971504 0.767688 0.556345 0.420000 0.565248 0.788279 1.006463 1.219529 1.429557 1.637592 1.844192 2.049698 2.254341 2.458286 2.661656 2.864545 3.067026 3.269157 3.470987 3.672554 3.873890 4.075022 4.275972 4.476761 4.677404 4.877916 5.078309 5.278594 5.478780 5.678875 5.878886 6.078820 6.278682 6.478477 6.678210 6.877885 7.077505 7.277073 7.476592 7.676066 7.875495 8.074883 8.274231 8.473540 8.672814 8.872052 9.071256 9.270428 9.469568 9.668678 9.867758 10.066810 10.265834 10.464830 10.663800 10.862744 11.061662 11.260555 11.459425 11.658270 11.857091 12.055890 
7.023089 6.940244 6.840656 6.731006 6.614166 6.491741 6.364748 6.233892 6.099681 5.962502 5.822652 5.680372 5.535851 5.389247 5.240690 5.090287 4.938128 4.784286 4.628823 4.471789 4.313224 4.153157 3.991612 3.828601 3.664131 3.498197 3.330787 3.161881 2.991447 2.819439 2.645798 2.470450 2.293293 2.114202 1.933010 1.749495 1.563355 1.374154 1.181209 0.983296 0.778038 0.565248 0.430000 0.574082 0.798414 1.017846 1.231991 1.442966 1.651853 1.859229 2.065449 2.270755 2.475318 2.679268 2.882701 3.085697 3.288316 3.490609 3.692616 3.894371 4.095904 4.297238 4.498395 4.699391 4.900242 5.100961 5.301559 5.502048 5.702434 5.902727 6.102934 6.303059 6.503110 6.703090 6.903005 7.102857 7.302651 7.502389 7.702076 7.901712 8.101301 8.300845 8.500346 8.699805 8.899225 9.098606 9.297950 9.497259 9.696533 9.895774 10.094982 10.294159 10.493305 10.692421 10.891508 11.090567 11.289598 11.488601 11.687578 11.886529 
