0.100000 0.271442 0.494037 0.733683 0.982355 1.236485 1.494035 1.753769 2.014896 2.276896 
0.271442 0.200000 0.391487 0.634334 0.886266 1.142764 1.402227 1.663592 1.926149 2.189418 
0.494037 0.391487 0.300000 0.493242 0.750111 1.011821 1.274978 1.539204 1.804129 2.069429 
0.733683 0.634334 0.493242 0.400000 0.584804 0.852085 1.121951 1.390933 1.659464 1.927692 
0.982355 0.886266 0.750111 0.584804 0.500000 0.669433 0.944678 1.221527 1.495698 1.768159 
1.236485 1.142764 1.011821 0.852085 0.669433 0.600000 0.748887 1.030294 1.313225 1.592078 
1.494035 1.402227 1.274978 1.121951 0.944678 0.748887 0.700000 0.824257 1.110432 1.398726 
1.753769 1.663592 1.539204 1.390933 1.221527 1.030294 0.824257 0.800000 0.896281 1.186107 
2.014896 1.926149 1.804129 1.659464 1.495698 1.313225 1.110432 0.896281 0.900000 0.965489 
2.276896 2.189418 2.069429 1.927692 1.768159 1.592078 1.398726 1.186107 0.965489 1.000000 
